Data/toy_output.asc
NCOLS 79
NROWS 52
XLLCORNER 127.76402335
YLLCORNER 43.5257568717
CELLSIZE 0.01
NODATA_VALUE 0
[rows 0 to 26 of 52, columns 0 to 59 of 79]
0.0 0.0 0.0 0.0 0.0 0.0 0.0 0.0 0.0 0.0 0.0 0.0 0.0 0.0 0.0 0.0 0.0 0.0 0.0 0.0 0.0 0.0 0.010746922 0.010854796 0.011024821 0.011024821 0.0065912106 0.0065912106 0.011024821 0.0044183554 0.017450184 0.023510672 0.023510672 0.023510672 0.023510672 0.023510672 0.023510672 0.023510672 0.023510672 0.7681108 0.930501 0.0 0.0 0.0 0.0 0.0 0.0 0.0 0.0 0.0 0.0 0.0 0.0 0.0 0.0 0.0 0.0 0.0 0.0 0.0
0.0 0.0 0.0 0.0 0.0 0.0 0.0 0.0 0.0 0.0 0.0 0.0 0.0 0.0 0.0 0.0 0.0 0.0 0.0 0.0 0.0 0.010746922 0.010746922 0.010746922 0.010854796 0.011024821 0.0065912106 0.039417826 0.019268844 0.039417826 0.018139308 0.24355543 0.023510672 0.023510672 0.023510672 0.023510672 0.023510672 0.023510672 0.023510672 0.8817139 0.76710576 0.684507 0.684507 0.6571874 0.6528486 0.6528486 0.6676478 0.77720094 0.81926864 0.827459 0.99442047 0.84940445 0.84940445 0.84940445 0.84940445 0.84940445 0.11506191 0.16384262 0.16384262 0.84940445
0.0 0.0 0.0 0.0 0.0 0.0 0.0 0.0 0.0 0.0 0.0 0.0 0.0 0.0 0.0 0.0 0.0 0.0 0.0 0.00497847 0.0043062605 0.010746922 0.010746922 0.0043062605 0.018787093 0.018974125 0.019268844 0.0011496778 0.0011496778 0.0011496778 0.0011496778 0.008530019 0.6284906 0.43391877 0.1747867 0.009228526 0.013734308 0.023510672 0.023510672 0.023510672 0.8817139 0.76710576 0.684507 0.684507 0.6571874 0.6528486 0.6528486 0.6676478 0.77720094 0.81926864 0.827459 0.99442047 0.84940445 0.84940445 0.84940445 0.84940445 0.84940445 0.84940445 0.84940445 0.84940445
0.0 0.0 0.0 0.0 0.0 0.0 0.0 0.0 0.0 0.0 0.0 0.0 0.0 0.0 0.0 0.0 0.0 0.0 0.92969096 0.06833505 0.023543883 0.010746922 0.0064243455 0.018787093 0.18792522 0.0011204168 0.0011317736 0.0011496778 0.0011496778 0.0011496778 0.019268844 0.019268844 0.010019174 0.24355543 0.009228526 0.009228526 0.013734308 0.023510672 0.023510672 0.023510672 0.023510672 0.8817139 0.76710576 0.684507 0.684507 0.6571874 0.6528486 0.6528486 0.6676478 0.77720094 0.81926864 0.827459 0.99442047 0.84940445 0.84940445 0.84940445 0.84940445 0.84940445 0.84940445 0.84940445
0.0 0.0 0.0 0.0 0.0 0.0 0.0 0.0 0.0 0.0 0.0 0.0 0.0 0.0 0.0 0.0 0.0 0.797211 0.020405514 0.020405514 0.97897387 0.0047719716 0.004354978 0.018787093 0.0011204168 0.0011204168 0.0011204168 0.0011317736 0.0011496778 0.0011496778 0.0011496778 0.019268844 0.011024821 0.025736492 0.45422858 0.023510672 0.023510672 0.023510672 0.023510672 0.023510672 0.023510672 0.023510672 0.8817139 0.76710576 0.11239324 0.684507 0.6571874 0.6528486 0.6528486 0.6676478 0.77720094 0.09461144 0.827459 0.99442047 0.84940445 0.84940445 0.84940445 0.84940445 0.84940445 0.84940445
0.0 0.0 0.0 0.0 0.0 0.0 0.0 0.0 0.0 0.0 0.0 0.0 0.0 0.0 0.0 0.0 0.86213785 0.797211 0.92969096 0.020405514 0.020405514 0.06833505 0.023543883 0.0011204168 0.0011204168 0.0011204168 0.0011204168 0.0011204168 0.0011317736 0.0011496778 0.019268844 0.0044183554 0.011024821 0.011024821 0.025736492 0.45422858 0.023510672 0.023510672 0.023510672 0.023510672 0.023510672 0.023510672 0.023510672 0.8817139 0.76710576 0.07009149 0.07009149 0.6571874 0.098900385 0.098900385 0.044259444 0.08032691 0.100359745 0.10556084 0.8504023 0.120397195 0.11506191 0.12374853 0.84940445 0.84940445
0.0 0.0 0.0 0.0 0.0 0.0 0.0 0.0 0.0 0.0 0.0 0.0 0.0 0.0 0.0 0.86213785 0.86213785 0.73666185 0.92969096 0.020405514 0.020405514 0.020405514 0.0012420169 0.0012420169 0.0011204168 0.0011204168 0.0011204168 0.0011204168 0.0011317736 0.0011317736 0.0011496778 0.039417826 0.0044183554 0.011024821 0.011024821 0.025736492 0.45422858 0.023510672 0.023510672 0.023510672 0.023510672 0.023510672 0.023510672 0.023510672 0.8817139 0.76710576 0.684507 0.047633205 0.04232228 0.04364555 0.061326057 0.6676478 0.07442952 0.87356293 0.10424812 0.1319969 0.015591249 0.0022693737 0.029932324 0.16384262
0.0 0.0 0.0 0.0 0.0 0.0 0.0 0.0 0.0 0.0 0.0 0.0 0.0 0.8105731 0.8105731 0.7294977 0.92969096 0.020405514 0.020405514 0.020405514 0.020405514 0.020405514 0.020405514 0.0012420169 0.0011774354 0.0011204168 0.0011204168 0.0011204168 0.0011204168 0.0011317736 0.018974125 0.0046096225 0.011024821 0.011024821 0.0044683353 0.0044683353 0.010116216 0.24355543 0.009228526 0.023510672 0.023510672 0.023510672 0.023510672 0.023510672 0.023510672 0.73037845 0.9454212 0.0026600915 0.0026600915 0.045801554 0.52982605 0.044232834 0.04549897 0.07442952 0.81926864 0.827459 0.80425113 0.11587684 0.24765664 0.11506191
0.0 0.0 0.0 0.0 0.0 0.0 0.0 0.0 0.0 0.0 0.0 0.0 0.023543883 0.9982261 0.92969096 0.92969096 0.020405514 0.020405514 0.020405514 0.020405514 0.020405514 0.020405514 0.020405514 0.020405514 0.0012420169 0.0011774354 0.0011204168 0.0011204168 0.0011204168 0.0011204168 0.018974125 0.004530958 0.011024821 0.0044183554 0.019268844 0.019268844 0.019268844 0.48542476 0.009845625 0.023510672 0.023510672 0.023510672 0.023510672 0.023510672 0.023510672 0.023510672 0.8817139 0.5416126 0.00047269804 0.0026600915 0.7450191 0.0004637124 0.0026652846 0.25505188 0.77720094 0.81926864 0.827459 0.99442047 0.84940445 0.15475367
0.0 0.0 0.0 0.0 0.0 0.0 0.0 0.0 0.0 0.0 0.0 0.0 0.0011204168 0.0012420169 0.020405514 0.020405514 0.020405514 0.020405514 0.020405514 0.020405514 0.020405514 0.020405514 0.020405514 0.020405514 0.020405514 0.0012420169 0.0011774354 0.0011204168 0.0011204168 0.0011204168 0.03845207 0.006489115 0.011024821 0.0044183554 0.0044183554 0.0046991394 0.0011496778 0.019268844 0.010229987 0.01493134 0.023510672 0.023510672 0.009710274 0.009228526 0.023510672 0.023510672 0.023510672 0.9982395 0.02310488 0.00047269804 0.00047269804 0.00047269804 0.0004637124 0.016411135 0.04549897 0.07442952 0.100359745 0.827459 0.81221235 0.029932324
0.0 0.0 0.0 0.0 0.0 0.0 0.0 0.0 0.0 0.0 0.0 0.0011204168 0.0011204168 0.0011204168 0.0012420169 0.020405514 0.020405514 0.020405514 0.020405514 0.020405514 0.92969096 0.92969096 0.020405514 0.020405514 0.020405514 0.020405514 0.4411508 0.023866823 0.018787093 0.004492697 0.0043062605 0.010746922 0.010854796 0.011024821 0.011024821 0.0065912106 0.004530958 0.0011496778 0.0011496778 0.027255533 0.43391877 0.66098654 0.006034449 0.1747867 0.013734308 0.023510672 0.01493134 0.009845625 0.023232395 0.0041761477 0.00047269804 0.00047269804 0.00047269804 0.0004637124 0.00047362287 0.00049532484 0.36611772 0.13605523 0.21868217 0.99442047
0.0 0.0 0.0 0.0 0.0 0.0 0.0 0.0 0.0 0.0011317736 0.0011204168 0.0011204168 0.0011204168 0.0011204168 0.0011204168 0.0012420169 0.020405514 0.020405514 0.020405514 0.020405514 0.020405514 0.020405514 0.020405514 0.020405514 0.020405514 0.020405514 0.92969096 0.0012420169 0.02234561 0.004492697 0.006988815 0.010746922 0.010746922 0.010854796 0.011024821 0.011024821 0.007170236 0.0011496778 0.0011496778 0.0011496778 0.0087886825 0.006418401 0.010015617 0.013734308 0.023510672 0.023510672 0.023510672 0.009228526 0.006034449 0.99380255 0.99376774 0.00047269804 0.00047269804 0.00047269804 0.0004637124 0.0026652846 0.04842294 0.029410211 0.10193194 0.107204676
0.0 0.0 0.0 0.0 0.0 0.0 0.0 0.0011496778 0.0011496778 0.0011496778 0.0011317736 0.0011204168 0.0011204168 0.0011204168 0.005941173 0.002563464 0.002563464 0.062106334 0.07039892 0.018321566 0.016484642 0.015228043 0.018321566 0.06152779 0.020405514 0.020405514 0.020405514 0.020405514 0.4411508 0.004639976 0.0064243455 0.0043062605 0.0043062605 0.0064243455 0.0043497686 0.0044183554 0.0044183554 0.004530958 0.0011496778 0.0011496778 0.0011496778 0.0087886825 0.43391877 0.009710274 0.01493134 0.013734308 0.023510672 0.009845625 0.0011243932 0.0011243932 0.0040692794 0.0041761477 0.00047269804 0.00047269804 0.00047269804 0.0004637124 0.00048510844 0.00049532484 0.00083531905 0.0009132405
0.0 0.0 0.0 0.0 0.0 0.0 0.0 0.0011496778 0.0011496778 0.0011496778 0.0011496778 0.0011317736 0.0011204168 0.0011204168 0.0011204168 0.0011204168 0.0011204168 0.0012420169 0.020405514 0.020405514 0.020405514 0.020405514 0.10740776 0.015228043 0.015228043 0.018321566 0.020405514 0.020405514 0.020405514 0.4411508 0.045562424 0.004354978 0.0011204168 0.004579954 0.018787093 0.018974125 0.019268844 0.0046991394 0.019268844 0.0011496778 0.0011496778 0.0011496778 0.027255533 0.66098654 0.009845625 0.17201713 0.009228526 0.024174305 0.0011243932 0.0011243932 0.0011243932 0.0040692794 0.0041761477 0.00047269804 0.00047269804 0.00047269804 0.0004637124 0.00048510844 0.00049532484 0.00083531905
0.0 0.0 0.0 0.0 0.0 0.0 0.019268844 0.004530958 0.004530958 0.019268844 0.0011496778 0.0011496778 0.0011317736 0.0011204168 0.0011204168 0.0011204168 0.0011204168 0.0011204168 0.0012420169 0.020405514 0.020405514 0.020405514 0.020405514 0.015228043 0.015228043 0.015549239 0.015228043 0.020405514 0.020405514 0.020405514 0.0012420169 0.0011774354 0.0011204168 0.0011204168 0.0011204168 0.0011204168 0.0011317736 0.019268844 0.019268844 0.0011496778 0.0011496778 0.0011496778 0.0011496778 0.00891119 0.0011243932 0.006034449 0.010015617 0.006034449 0.0011243932 0.0011243932 0.0011243932 0.0011660975 0.055849724 0.05670239 0.00047269804 0.00047269804 0.00047269804 0.019989286 0.0060024094 0.0060024094
0.0 0.0 0.0 0.0 0.0 0.0011243932 0.009116428 0.019268844 0.0044183554 0.039417826 0.0011496778 0.0011496778 0.19189605 0.0011317736 0.0011204168 0.0011204168 0.0011204168 0.0011204168 0.021285344 0.00497847 0.92969096 0.020405514 0.020405514 0.020405514 0.017334517 0.015549239 0.015228043 0.017334517 0.018321566 0.020405514 0.020405514 0.0012420169 0.0011774354 0.0011204168 0.0011204168 0.0011204168 0.0011204168 0.018974125 0.0011496778 0.0011496778 0.0011496778 0.0011496778 0.0011496778 0.0011496778 0.009116428 0.006034449 0.009845625 0.009228526 0.1747867 0.006034449 0.0011243932 0.0011243932 0.052174106 0.06336336 0.016792102 0.00047269804 0.00047269804 0.0059925737 0.0004637124 0.0060024094
0.0 0.0 0.0 0.0011243932 0.0011243932 0.0011243932 0.0011243932 0.009116428 0.039417826 0.004530958 0.019268844 0.0044683353 0.0046991394 0.0046096225 0.0045380807 0.018787093 0.018787093 0.0011204168 0.018787093 0.004492697 0.04794463 0.99378175 0.020405514 0.020405514 0.020405514 0.2219869 0.015549239 0.020405514 0.020405514 0.020405514 0.020405514 0.020405514 0.0012420169 0.0011204168 0.0011204168 0.0011204168 0.0011204168 0.0011204168 0.0011317736 0.0011496778 0.0011496778 0.0011496778 0.0011496778 0.019268844 0.039417826 0.02825231 0.66098654 0.009228526 0.009710274 0.010015617 0.024174305 0.0011243932 0.0011660975 0.0031217055 0.013953138 0.33609515 0.00047269804 0.0049702306 0.0059925737 0.0004637124
0.0 0.0 0.0011243932 0.0011243932 0.0011243932 0.006034449 0.66098654 0.009845625 0.010509983 0.0044183554 0.0046991394 0.0011496778 0.0011496778 0.019268844 0.0046096225 0.0045380807 0.0011204168 0.0011204168 0.018787093 0.018787093 0.04344951 0.023543883 0.020405514 0.020405514 0.07039892 0.020405514 0.020405514 0.015228043 0.020405514 0.020405514 0.020405514 0.020405514 0.020405514 0.0012420169 0.0011204168 0.0011204168 0.0011204168 0.0011204168 0.0011204168 0.0011317736 0.0011496778 0.0011496778 0.0011496778 0.0011496778 0.0011496778 0.0011496778 0.009116428 0.0011243932 0.0011243932 0.0011243932 0.006034449 0.006034449 0.0011243932 0.05978253 0.00273755 0.013953138 0.99824667 0.0056659034 0.0049702306 0.0049702306
0.0 0.0011243932 0.0011243932 0.006034449 0.006034449 0.006034449 0.43391877 0.009710274 0.009228526 0.010409896 0.0046096225 0.019268844 0.0011496778 0.039417826 0.0044683353 0.004530958 0.018974125 0.0011204168 0.0011204168 0.0011204168 0.0011204168 0.0011774354 0.0012420169 0.020405514 0.020405514 0.018321566 0.2219869 0.015909886 0.017334517 0.020405514 0.020405514 0.020405514 0.020405514 0.020405514 0.0012420169 0.0011204168 0.0011204168 0.0011204168 0.0011204168 0.0011204168 0.0011317736 0.0011496778 0.0011496778 0.0011496778 0.0011496778 0.0011496778 0.0011496778 0.009116428 0.0011243932 0.0011243932 0.0011243932 0.0011243932 0.0011243932 0.003302176 0.00273755 0.0031217055 0.0041761477 0.044567235 0.0059925737 0.0049702306
0.0 0.98438555 0.024174305 0.006034449 0.006034449 0.006034449 0.43391877 0.006034449 0.1747867 0.009228526 0.010583998 0.19189605 0.0011496778 0.0011496778 0.019268844 0.019268844 0.019268844 0.0011317736 0.0011204168 0.0011204168 0.0011204168 0.0011204168 0.0011774354 0.0012420169 0.020405514 0.020405514 0.015228043 0.015909886 0.015228043 0.020405514 0.020405514 0.020405514 0.020405514 0.020405514 0.020405514 0.0012420169 0.010850629 0.0011204168 0.0011204168 0.0011204168 0.006000378 0.010959531 0.0011496778 0.0011496778 0.0011496778 0.0011496778 0.0011496778 0.0011496778 0.009116428 0.0011243932 0.0011660975 0.0011660975 0.0011660975 0.00266171 0.00273755 0.00273755 0.052669633 0.05723833 0.560813 0.0056659034
0.0 0.0 0.0040692794 0.0011243932 0.006034449 0.006034449 0.006034449 0.0011243932 0.006034449 0.66098654 0.009710274 0.49052113 0.0011496778 0.0011496778 0.0011496778 0.0011496778 0.019268844 0.0011496778 0.0011317736 0.0024232676 0.002563464 0.006856329 0.0021248802 0.002302751 0.0021248802 0.2219869 0.017334517 0.015909886 0.015909886 0.020405514 0.020405514 0.020405514 0.020405514 0.10740776 0.062106334 0.018321566 0.0021248802 0.0011204168 0.006000378 0.002563464 0.0021248802 0.025351139 0.0011317736 0.0011496778 0.0011496778 0.011131173 0.011131173 0.011131173 0.0011496778 0.009116428 0.0011660975 0.0032372356 0.054662317 0.00266171 0.00266171 0.00273755 0.00273755 0.00810625 0.013953138 0.30736998
0.0 0.0 0.0041761477 0.0040692794 0.006034449 0.006034449 0.006034449 0.0011243932 0.006034449 0.006034449 0.17201713 0.1747867 0.0087886825 0.0011496778 0.0011496778 0.0011496778 0.0011496778 0.0011496778 0.0011496778 0.0011317736 0.0024232676 0.0021248802 0.0021248802 0.0021248802 0.002221344 0.002170308 0.015909886 0.015909886 0.015909886 0.015228043 0.015228043 0.018321566 0.020405514 0.07039892 0.018321566 0.018321566 0.015228043 0.002563464 0.002302751 0.0021248802 0.0021248802 0.006856329 0.0011204168 0.0011317736 0.0011496778 0.0026303125 0.0061562997 0.0026303125 0.0011496778 0.0011496778 0.5008885 0.0031371375 0.0026006573 0.0026006573 0.00266171 0.00266171 0.00273755 0.00273755 0.0028321324 0.013953138
0.0 0.0 0.00047269804 0.0041761477 0.024812436 0.006034449 0.0011243932 0.0011243932 0.0011243932 0.006034449 0.006034449 0.006034449 0.006418401 0.0087886825 0.0011496778 0.0011496778 0.025996756 0.0024864695 0.0021803167 0.0024864695 0.0021463966 0.0021248802 0.002170308 0.0021248802 0.0021248802 0.002221344 0.0022828595 0.015228043 0.015228043 0.015228043 0.015909886 0.015228043 0.015228043 0.018321566 0.015228043 0.015228043 0.015228043 0.016344268 0.002221344 0.005941173 0.0011204168 0.0011204168 0.0011204168 0.002563464 0.0024477981 0.0021803167 0.007034335 0.0021803167 0.0021803167 0.0024864695 0.006095566 0.015556876 0.0026006573 0.0026006573 0.0026006573 0.00266171 0.00266171 0.00273755 0.00273755 0.0041692625
0.0 0.0 0.0 0.00047269804 0.02310488 0.3727693 0.006034449 0.0011243932 0.0011243932 0.0011243932 0.006034449 0.006034449 0.006452583 0.006418401 0.0087886825 0.0011496778 0.0011496778 0.0011496778 0.0011496778 0.0011496778 0.0011496778 0.0069254227 0.002221344 0.002170308 0.0021248802 0.002221344 0.0022828595 0.002221344 0.015909886 0.015909886 0.015909886 0.015909886 0.015228043 0.018321566 0.07039892 0.017334517 0.017334517 0.016344268 0.016344268 0.0021248802 0.002563464 0.0011204168 0.010850629 0.002563464 0.0021248802 0.0021463966 0.0026303125 0.0022792914 0.0022792914 0.0024864695 0.0026303125 0.0026303125 0.01684013 0.0028182422 0.0026006573 0.0026006573 0.00266171 0.0039186985 0.004030209 0.004030209
0.0 0.0 0.0 0.0026600915 0.018497922 0.02310488 0.013614399 0.006034449 0.0011243932 0.0011243932 0.006034449 0.0011243932 0.43391877 0.0011243932 0.006418401 0.008612762 0.0011496778 0.0011496778 0.019268844 0.019268844 0.0011496778 0.0011496778 0.0021463966 0.002221344 0.002221344 0.0022828595 0.0022828595 0.0022828595 0.0022828595 0.016344268 0.016344268 0.016344268 0.015909886 0.015228043 0.015228043 0.018321566 0.06152779 0.016344268 0.016344268 0.015909886 0.002302751 0.0011204168 0.002563464 0.0021248802 0.0021248802 0.002221344 0.0021463966 0.0024864695 0.0022792914 0.0021803167 0.0021803167 0.0026303125 0.0011496778 0.009944021 0.0026006573 0.0026006573 0.0026006573 0.0039186985 0.0039186985 0.004030209
0.0 0.0 0.0 0.0 0.010766417 0.00047269804 0.0041761477 0.013614399 0.0011243932 0.0011243932 0.006034449 0.0011243932 0.006034449 0.0011243932 0.0011243932 0.006418401 0.008612762 0.0011496778 0.019268844 0.019268844 0.0011496778 0.0011496778 0.0024864695 0.025601815 0.006000378 0.0021248802 0.002221344 0.002221344 0.002221344 0.002221344 0.016344268 0.016344268 0.016344268 0.015909886 0.015228043 0.015909886 0.017334517 0.015909886 0.016344268 0.016344268 0.051637538 0.0012420169 0.010850629 0.002563464 0.0021248802 0.0021248802 0.002221344 0.0021922835 0.0022792914 0.002226927 0.0021803167 0.025996756 0.0024864695 0.0021803167 0.015556876 0.0026006573 0.0026006573 0.0026006573 0.0039186985 0.0039186985
0.0 0.0 0.0 0.0 0.0 0.00047269804 0.00047269804 0.0041761477 0.013614399 0.0011243932 0.0011243932 0.0011243932 0.0011243932 0.0011243932 0.0011660975 0.0011243932 0.47499046 0.008612762 0.0011496778 0.0011496778 0.0011496778 0.0011496778 0.0011496778 0.0011317736 0.0011317736 0.0011204168 0.010850629 0.010850629 0.0021248802 0.002221344 0.002221344 0.016344268 0.016344268 0.016344268 0.015909886 0.015909886 0.017334517 0.015228043 0.016344268 0.016344268 0.015909886 0.061664183 0.0012420169 0.002563464 0.0021248802 0.002221344 0.002221344 0.002221344 0.0021922835 0.0022792914 0.0022792914 0.0021803167 0.0026303125 0.0024864695 0.0022792914 0.018138418 0.0026006573 0.0038289244 0.0038289244 0.0039186985
